678.0 543.0
733.0 546.0
748.0 536.0
772.0 549.0
804.0 560.0
804.0 587.0
816.0 611.0
789.0 604.0
769.0 601.0
743.0 577.0
776.0 573.0
830.0 556.0
882.0 556.0
927.0 556.0
927.0 591.0
882.0 604.0
907.0 622.0
842.0 615.0
860.0 591.0
825.0 591.0
890.0 584.0
880.0 477.0
900.0 429.0
927.0 433.0
930.0 474.0
910.0 505.0
932.0 518.0
913.0 532.0
893.0 529.0
870.0 501.0
910.0 467.0
767.0 488.0
806.0 460.0
830.0 457.0
825.0 484.0
817.0 522.0
801.0 522.0
762.0 525.0
726.0 518.0
748.0 501.0
791.0 494.0
703.0 505.0
716.0 491.0
733.0 484.0
776.0 460.0
753.0 464.0
723.0 467.0
704.0 467.0
709.0 419.0
724.0 439.0
756.0 433.0
774.0 433.0
764.0 409.0
746.0 419.0
726.0 412.0
726.0 384.0
693.0 374.0
809.0 402.0
821.0 426.0
839.0 422.0
854.0 409.0
869.0 398.0
923.0 398.0
912.0 360.0
889.0 378.0
852.0 381.0
834.0 364.0
827.0 395.0
792.0 398.0
776.0 391.0
751.0 395.0
709.0 381.0
728.0 360.0
884.0 347.0
857.0 354.0
817.0 367.0
842.0 343.0
809.0 347.0
845.0 319.0
791.0 333.0
797.0 302.0
835.0 295.0
819.0 247.0
882.0 309.0
864.0 288.0
849.0 268.0
834.0 261.0
801.0 230.0
777.0 216.0
791.0 364.0
774.0 364.0
762.0 347.0
726.0 333.0
713.0 343.0
683.0 323.0
696.0 350.0
701.0 299.0
703.0 326.0
749.0 326.0
774.0 326.0
781.0 299.0
724.0 257.0
728.0 292.0
744.0 223.0
741.0 182.0
607.0 525.0
603.0 494.0
590.0 484.0
580.0 498.0
600.0 467.0
577.0 470.0
544.0 457.0
535.0 443.0
603.0 436.0
563.0 436.0
547.0 426.0
529.0 422.0
612.0 405.0
592.0 402.0
542.0 391.0
519.0 391.0
603.0 388.0
585.0 378.0
563.0 350.0
512.0 371.0
617.0 367.0
600.0 364.0
607.0 323.0
597.0 340.0
580.0 343.0
563.0 330.0
549.0 340.0
524.0 350.0
476.0 357.0
510.0 323.0
492.0 336.0
432.0 402.0
457.0 388.0
482.0 464.0
459.0 467.0
447.0 453.0
419.0 419.0
403.0 436.0
384.0 436.0
447.0 412.0
408.0 398.0
374.0 381.0
378.0 409.0
398.0 340.0
411.0 371.0
427.0 378.0
383.0 350.0
575.0 539.0
590.0 518.0
554.0 546.0
547.0 512.0
537.0 525.0
525.0 549.0
507.0 549.0
507.0 525.0
497.0 512.0
524.0 491.0
517.0 464.0
504.0 481.0
502.0 402.0
489.0 443.0
467.0 450.0
437.0 470.0
467.0 419.0
447.0 433.0
432.0 439.0
685.0 488.0
661.0 488.0
673.0 457.0
690.0 429.0
646.0 429.0
678.0 398.0
658.0 388.0
640.0 384.0
651.0 360.0
678.0 350.0
633.0 340.0
651.0 316.0
633.0 305.0
615.0 295.0
592.0 309.0
570.0 302.0
547.0 309.0
612.0 268.0
572.0 275.0
524.0 305.0
530.0 281.0
534.0 250.0
549.0 271.0
567.0 247.0
552.0 230.0
532.0 216.0
500.0 268.0
517.0 261.0
602.0 230.0
507.0 237.0
573.0 213.0
507.0 202.0
550.0 199.0
660.0 292.0
683.0 292.0
701.0 268.0
685.0 244.0
665.0 261.0
623.0 240.0
641.0 223.0
668.0 220.0
701.0 220.0
685.0 192.0
457.0 343.0
444.0 316.0
427.0 343.0
423.0 309.0
491.0 309.0
464.0 302.0
439.0 285.0
394.0 305.0
399.0 275.0
432.0 254.0
456.0 271.0
479.0 271.0
466.0 250.0
359.0 398.0
346.0 371.0
336.0 350.0
316.0 367.0
296.0 381.0
275.0 374.0
277.0 347.0
288.0 326.0
318.0 305.0
296.0 350.0
313.0 336.0
340.0 319.0
363.0 316.0
388.0 244.0
381.0 216.0
343.0 213.0
361.0 220.0
363.0 247.0
345.0 257.0
363.0 278.0
303.0 292.0
282.0 299.0
268.0 316.0
252.0 340.0
238.0 299.0
492.0 226.0
471.0 223.0
439.0 230.0
411.0 244.0
413.0 216.0
456.0 209.0
476.0 185.0
431.0 192.0
427.0 158.0
396.0 178.0
373.0 182.0
350.0 182.0
363.0 154.0
323.0 275.0
325.0 250.0
290.0 275.0
260.0 288.0
260.0 257.0
277.0 254.0
265.0 230.0
298.0 250.0
308.0 206.0
328.0 220.0
325.0 182.0
313.0 154.0
290.0 202.0
268.0 206.0
255.0 185.0
237.0 257.0
187.0 299.0
159.0 281.0
131.0 268.0
139.0 247.0
160.0 250.0
187.0 268.0
245.0 230.0
243.0 206.0
242.0 175.0
252.0 161.0
273.0 158.0
265.0 134.0
248.0 134.0
233.0 151.0
290.0 147.0
290.0 123.0
268.0 110.0
243.0 116.0
224.0 116.0
233.0 89.0
265.0 79.0
298.0 86.0
291.0 65.0
303.0 44.0
265.0 44.0
248.0 44.0
227.0 44.0
255.0 10.0
378.0 144.0
335.0 144.0
315.0 130.0
306.0 116.0
345.0 110.0
366.0 116.0
388.0 116.0
406.0 137.0
409.0 116.0
374.0 92.0
364.0 68.0
320.0 92.0
333.0 51.0
363.0 48.0
635.0 646.0
615.0 649.0
610.0 622.0
598.0 604.0
550.0 622.0
554.0 653.0
580.0 646.0
631.0 683.0
583.0 673.0
607.0 735.0
555.0 683.0
547.0 721.0
583.0 762.0
563.0 745.0
534.0 749.0
535.0 787.0
514.0 762.0
514.0 790.0
495.0 783.0
673.0 694.0
651.0 687.0
650.0 714.0
643.0 742.0
675.0 732.0
675.0 766.0
643.0 769.0
656.0 787.0
615.0 773.0
636.0 804.0
598.0 807.0
622.0 845.0
598.0 845.0
560.0 817.0
563.0 852.0
587.0 876.0
555.0 890.0
520.0 890.0
504.0 903.0
525.0 835.0
494.0 852.0
457.0 862.0
457.0 896.0
431.0 924.0
399.0 896.0
411.0 921.0
419.0 948.0
363.0 921.0
378.0 951.0
359.0 986.0
315.0 962.0
333.0 979.0
263.0 962.0
285.0 993.0
233.0 996.0
169.0 965.0
169.0 1000.0
476.0 797.0
426.0 800.0
426.0 769.0
376.0 783.0
398.0 821.0
330.0 783.0
341.0 824.0
293.0 790.0
272.0 780.0
306.0 845.0
316.0 886.0
273.0 893.0
248.0 824.0
207.0 838.0
204.0 896.0
172.0 896.0
200.0 927.0
170.0 934.0
529.0 653.0
527.0 618.0
524.0 591.0
504.0 604.0
510.0 625.0
510.0 653.0
494.0 653.0
491.0 625.0
471.0 646.0
464.0 670.0
454.0 649.0
442.0 628.0
421.0 622.0
411.0 642.0
432.0 659.0
419.0 677.0
399.0 659.0
386.0 632.0
378.0 656.0
383.0 683.0
529.0 677.0
510.0 680.0
529.0 707.0
515.0 732.0
510.0 707.0
491.0 683.0
474.0 690.0
477.0 718.0
494.0 714.0
495.0 749.0
482.0 762.0
479.0 742.0
461.0 728.0
454.0 690.0
442.0 718.0
446.0 742.0
464.0 752.0
411.0 735.0
409.0 694.0
363.0 683.0
346.0 701.0
351.0 728.0
363.0 756.0
346.0 752.0
331.0 732.0
313.0 762.0
308.0 735.0
308.0 711.0
293.0 718.0
270.0 718.0
278.0 749.0
252.0 776.0
230.0 793.0
240.0 752.0
250.0 721.0
180.0 714.0
217.0 745.0
209.0 787.0
160.0 787.0
182.0 756.0
156.0 718.0
320.0 639.0
305.0 656.0
291.0 677.0
272.0 677.0
278.0 646.0
257.0 615.0
238.0 618.0
250.0 663.0
233.0 718.0
235.0 687.0
207.0 718.0
214.0 656.0
214.0 635.0
195.0 625.0
177.0 625.0
177.0 601.0
154.0 611.0
177.0 653.0
174.0 683.0
149.0 666.0
151.0 690.0
487.0 532.0
491.0 560.0
500.0 584.0
481.0 584.0
469.0 598.0
457.0 615.0
442.0 598.0
434.0 584.0
466.0 560.0
464.0 532.0
444.0 539.0
418.0 549.0
403.0 570.0
418.0 598.0
399.0 618.0
401.0 594.0
384.0 536.0
384.0 604.0
383.0 584.0
366.0 584.0
368.0 611.0
429.0 512.0
403.0 498.0
393.0 470.0
363.0 488.0
363.0 457.0
363.0 426.0
333.0 398.0
311.0 398.0
325.0 422.0
315.0 484.0
340.0 474.0
350.0 532.0
341.0 508.0
321.0 529.0
353.0 594.0
340.0 580.0
335.0 628.0
305.0 580.0
318.0 570.0
300.0 505.0
298.0 457.0
285.0 443.0
277.0 405.0
257.0 426.0
255.0 474.0
233.0 494.0
215.0 464.0
224.0 415.0
238.0 402.0
255.0 384.0
210.0 402.0
240.0 374.0
233.0 347.0
230.0 323.0
215.0 343.0
190.0 347.0
187.0 398.0
199.0 422.0
192.0 457.0
164.0 460.0
141.0 460.0
268.0 536.0
268.0 580.0
243.0 584.0
243.0 549.0
222.0 577.0
225.0 529.0
190.0 529.0
190.0 580.0
207.0 604.0
162.0 584.0
164.0 529.0
162.0 498.0
149.0 484.0
129.0 518.0
129.0 577.0
104.0 549.0
104.0 477.0
69.0 443.0
34.0 443.0
34.0 491.0
